7.799424976110458374e-02
-2.444714903831481934e-01
6.491248961538076401e-03
0.000000000000000000e+00
0.000000000000000000e+00
0.000000000000000000e+00
0.000000000000000000e+00
0.000000000000000000e+00
0.000000000000000000e+00
0.000000000000000000e+00
0.000000000000000000e+00
0.000000000000000000e+00
0.000000000000000000e+00
0.000000000000000000e+00
0.000000000000000000e+00
0.000000000000000000e+00
0.000000000000000000e+00
0.000000000000000000e+00
0.000000000000000000e+00
0.000000000000000000e+00
0.000000000000000000e+00
0.000000000000000000e+00
0.000000000000000000e+00
0.000000000000000000e+00
0.000000000000000000e+00
0.000000000000000000e+00
0.000000000000000000e+00
0.000000000000000000e+00
0.000000000000000000e+00
0.000000000000000000e+00
0.000000000000000000e+00
0.000000000000000000e+00
-2.365577369928359985e-01
-1.098780035972595215e-01
-1.539138406515121460e-01
0.000000000000000000e+00
0.000000000000000000e+00
0.000000000000000000e+00
0.000000000000000000e+00
0.000000000000000000e+00
0.000000000000000000e+00
0.000000000000000000e+00
0.000000000000000000e+00
0.000000000000000000e+00
0.000000000000000000e+00
0.000000000000000000e+00
0.000000000000000000e+00
0.000000000000000000e+00
0.000000000000000000e+00
0.000000000000000000e+00
0.000000000000000000e+00
0.000000000000000000e+00
0.000000000000000000e+00
0.000000000000000000e+00
0.000000000000000000e+00
0.000000000000000000e+00
0.000000000000000000e+00
0.000000000000000000e+00
0.000000000000000000e+00
0.000000000000000000e+00
0.000000000000000000e+00
0.000000000000000000e+00
0.000000000000000000e+00
0.000000000000000000e+00
7.340457290410995483e-02
-1.789233386516571045e-01
-7.801995426416397095e-02
0.000000000000000000e+00
0.000000000000000000e+00
0.000000000000000000e+00
0.000000000000000000e+00
0.000000000000000000e+00
0.000000000000000000e+00
0.000000000000000000e+00
0.000000000000000000e+00
0.000000000000000000e+00
0.000000000000000000e+00
0.000000000000000000e+00
0.000000000000000000e+00
0.000000000000000000e+00
0.000000000000000000e+00
0.000000000000000000e+00
0.000000000000000000e+00
0.000000000000000000e+00
0.000000000000000000e+00
0.000000000000000000e+00
0.000000000000000000e+00
0.000000000000000000e+00
0.000000000000000000e+00
0.000000000000000000e+00
0.000000000000000000e+00
0.000000000000000000e+00
0.000000000000000000e+00
0.000000000000000000e+00
0.000000000000000000e+00
0.000000000000000000e+00
-2.984792888164520264e-01
-2.007657736539840698e-01
-8.800567686557769775e-02
0.000000000000000000e+00
0.000000000000000000e+00
0.000000000000000000e+00
0.000000000000000000e+00
0.000000000000000000e+00
0.000000000000000000e+00
0.000000000000000000e+00
0.000000000000000000e+00
0.000000000000000000e+00
0.000000000000000000e+00
0.000000000000000000e+00
0.000000000000000000e+00
0.000000000000000000e+00
0.000000000000000000e+00
0.000000000000000000e+00
0.000000000000000000e+00
0.000000000000000000e+00
0.000000000000000000e+00
0.000000000000000000e+00
0.000000000000000000e+00
0.000000000000000000e+00
0.000000000000000000e+00
0.000000000000000000e+00
0.000000000000000000e+00
0.000000000000000000e+00
0.000000000000000000e+00
0.000000000000000000e+00
0.000000000000000000e+00
0.000000000000000000e+00
1.294621527194976807e-01
-3.201186889782547951e-03
-3.406117260456085205e-01
0.000000000000000000e+00
0.000000000000000000e+00
0.000000000000000000e+00
0.000000000000000000e+00
0.000000000000000000e+00
0.000000000000000000e+00
0.000000000000000000e+00
0.000000000000000000e+00
0.000000000000000000e+00
0.000000000000000000e+00
0.000000000000000000e+00
0.000000000000000000e+00
0.000000000000000000e+00
0.000000000000000000e+00
0.000000000000000000e+00
0.000000000000000000e+00
0.000000000000000000e+00
0.000000000000000000e+00
0.000000000000000000e+00
0.000000000000000000e+00
0.000000000000000000e+00
0.000000000000000000e+00
0.000000000000000000e+00
0.000000000000000000e+00
0.000000000000000000e+00
0.000000000000000000e+00
0.000000000000000000e+00
0.000000000000000000e+00
0.000000000000000000e+00
2.925158292055130005e-02
-2.094165384769439697e-01
2.089700996875762939e-01
0.000000000000000000e+00
0.000000000000000000e+00
0.000000000000000000e+00
0.000000000000000000e+00
0.000000000000000000e+00
0.000000000000000000e+00
0.000000000000000000e+00
0.000000000000000000e+00
0.000000000000000000e+00
0.000000000000000000e+00
0.000000000000000000e+00
0.000000000000000000e+00
0.000000000000000000e+00
0.000000000000000000e+00
0.000000000000000000e+00
0.000000000000000000e+00
0.000000000000000000e+00
0.000000000000000000e+00
0.000000000000000000e+00
0.000000000000000000e+00
0.000000000000000000e+00
0.000000000000000000e+00
0.000000000000000000e+00
0.000000000000000000e+00
0.000000000000000000e+00
0.000000000000000000e+00
0.000000000000000000e+00
0.000000000000000000e+00
0.000000000000000000e+00
-1.382972598075866699e-01
-6.924038752913475037e-03
-1.594148278236389160e-01
0.000000000000000000e+00
0.000000000000000000e+00
0.000000000000000000e+00
0.000000000000000000e+00
0.000000000000000000e+00
0.000000000000000000e+00
0.000000000000000000e+00
0.000000000000000000e+00
0.000000000000000000e+00
0.000000000000000000e+00
0.000000000000000000e+00
0.000000000000000000e+00
0.000000000000000000e+00
0.000000000000000000e+00
0.000000000000000000e+00
0.000000000000000000e+00
0.000000000000000000e+00
0.000000000000000000e+00
0.000000000000000000e+00
0.000000000000000000e+00
0.000000000000000000e+00
0.000000000000000000e+00
0.000000000000000000e+00
0.000000000000000000e+00
0.000000000000000000e+00
0.000000000000000000e+00
0.000000000000000000e+00
0.000000000000000000e+00
0.000000000000000000e+00
-4.383409395813941956e-03
-2.383593656122684479e-02
2.659796476364135742e-01
0.000000000000000000e+00
0.000000000000000000e+00
0.000000000000000000e+00
0.000000000000000000e+00
0.000000000000000000e+00
0.000000000000000000e+00
0.000000000000000000e+00
0.000000000000000000e+00
0.000000000000000000e+00
0.000000000000000000e+00
0.000000000000000000e+00
0.000000000000000000e+00
0.000000000000000000e+00
0.000000000000000000e+00
0.000000000000000000e+00
0.000000000000000000e+00
0.000000000000000000e+00
0.000000000000000000e+00
0.000000000000000000e+00
0.000000000000000000e+00
0.000000000000000000e+00
0.000000000000000000e+00
0.000000000000000000e+00
0.000000000000000000e+00
0.000000000000000000e+00
0.000000000000000000e+00
0.000000000000000000e+00
0.000000000000000000e+00
0.000000000000000000e+00
-3.885920345783233643e-02
-9.985319525003433228e-02
-1.391916126012802124e-01
0.000000000000000000e+00
0.000000000000000000e+00
0.000000000000000000e+00
0.000000000000000000e+00
0.000000000000000000e+00
0.000000000000000000e+00
0.000000000000000000e+00
0.000000000000000000e+00
0.000000000000000000e+00
0.000000000000000000e+00
0.000000000000000000e+00
0.000000000000000000e+00
0.000000000000000000e+00
0.000000000000000000e+00
0.000000000000000000e+00
0.000000000000000000e+00
0.000000000000000000e+00
0.000000000000000000e+00
0.000000000000000000e+00
0.000000000000000000e+00
0.000000000000000000e+00
0.000000000000000000e+00
0.000000000000000000e+00
0.000000000000000000e+00
0.000000000000000000e+00
0.000000000000000000e+00
0.000000000000000000e+00
0.000000000000000000e+00
0.000000000000000000e+00
8.274663984775543213e-02
6.114480644464492798e-02
1.905298382043838501e-01
0.000000000000000000e+00
0.000000000000000000e+00
0.000000000000000000e+00
0.000000000000000000e+00
0.000000000000000000e+00
0.000000000000000000e+00
0.000000000000000000e+00
0.000000000000000000e+00
0.000000000000000000e+00
0.000000000000000000e+00
0.000000000000000000e+00
0.000000000000000000e+00
0.000000000000000000e+00
0.000000000000000000e+00
0.000000000000000000e+00
0.000000000000000000e+00
0.000000000000000000e+00
0.000000000000000000e+00
0.000000000000000000e+00
0.000000000000000000e+00
0.000000000000000000e+00
0.000000000000000000e+00
0.000000000000000000e+00
0.000000000000000000e+00
0.000000000000000000e+00
0.000000000000000000e+00
0.000000000000000000e+00
0.000000000000000000e+00
0.000000000000000000e+00
-2.404207140207290649e-01
-1.136746555566787720e-01
3.054394200444221497e-02
0.000000000000000000e+00
0.000000000000000000e+00
0.000000000000000000e+00
0.000000000000000000e+00
0.000000000000000000e+00
0.000000000000000000e+00
0.000000000000000000e+00
0.000000000000000000e+00
0.000000000000000000e+00
0.000000000000000000e+00
0.000000000000000000e+00
0.000000000000000000e+00
0.000000000000000000e+00
0.000000000000000000e+00
0.000000000000000000e+00
0.000000000000000000e+00
0.000000000000000000e+00
0.000000000000000000e+00
0.000000000000000000e+00
0.000000000000000000e+00
0.000000000000000000e+00
0.000000000000000000e+00
0.000000000000000000e+00
0.000000000000000000e+00
0.000000000000000000e+00
0.000000000000000000e+00
0.000000000000000000e+00
0.000000000000000000e+00
0.000000000000000000e+00
-1.820511221885681152e-01
1.659474968910217285e-01
6.235279887914657593e-02
0.000000000000000000e+00
0.000000000000000000e+00
0.000000000000000000e+00
0.000000000000000000e+00
0.000000000000000000e+00
0.000000000000000000e+00
0.000000000000000000e+00
0.000000000000000000e+00
0.000000000000000000e+00
0.000000000000000000e+00
0.000000000000000000e+00
0.000000000000000000e+00
0.000000000000000000e+00
0.000000000000000000e+00
0.000000000000000000e+00
0.000000000000000000e+00
0.000000000000000000e+00
0.000000000000000000e+00
0.000000000000000000e+00
0.000000000000000000e+00
0.000000000000000000e+00
0.000000000000000000e+00
0.000000000000000000e+00
0.000000000000000000e+00
0.000000000000000000e+00
0.000000000000000000e+00
0.000000000000000000e+00
0.000000000000000000e+00
0.000000000000000000e+00
-2.908728420734405518e-01
-5.731429532170295715e-02
-2.717136219143867493e-02
0.000000000000000000e+00
0.000000000000000000e+00
0.000000000000000000e+00
0.000000000000000000e+00
0.000000000000000000e+00
0.000000000000000000e+00
0.000000000000000000e+00
0.000000000000000000e+00
0.000000000000000000e+00
0.000000000000000000e+00
0.000000000000000000e+00
0.000000000000000000e+00
0.000000000000000000e+00
0.000000000000000000e+00
0.000000000000000000e+00
0.000000000000000000e+00
0.000000000000000000e+00
0.000000000000000000e+00
0.000000000000000000e+00
0.000000000000000000e+00
0.000000000000000000e+00
0.000000000000000000e+00
0.000000000000000000e+00
0.000000000000000000e+00
0.000000000000000000e+00
0.000000000000000000e+00
0.000000000000000000e+00
0.000000000000000000e+00
0.000000000000000000e+00
1.569824218750000000e-01
-4.322899132966995239e-02
-4.982213675975799561e-02
0.000000000000000000e+00
0.000000000000000000e+00
0.000000000000000000e+00
0.000000000000000000e+00
0.000000000000000000e+00
0.000000000000000000e+00
0.000000000000000000e+00
0.000000000000000000e+00
0.000000000000000000e+00
0.000000000000000000e+00
0.000000000000000000e+00
0.000000000000000000e+00
0.000000000000000000e+00
0.000000000000000000e+00
0.000000000000000000e+00
0.000000000000000000e+00
0.000000000000000000e+00
0.000000000000000000e+00
0.000000000000000000e+00
0.000000000000000000e+00
0.000000000000000000e+00
0.000000000000000000e+00
0.000000000000000000e+00
0.000000000000000000e+00
0.000000000000000000e+00
0.000000000000000000e+00
0.000000000000000000e+00
0.000000000000000000e+00
0.000000000000000000e+00
1.229056790471076965e-01
-1.395827974192798138e-03
5.242734402418136597e-02
0.000000000000000000e+00
0.000000000000000000e+00
0.000000000000000000e+00
0.000000000000000000e+00
0.000000000000000000e+00
0.000000000000000000e+00
0.000000000000000000e+00
0.000000000000000000e+00
0.000000000000000000e+00
0.000000000000000000e+00
0.000000000000000000e+00
0.000000000000000000e+00
0.000000000000000000e+00
0.000000000000000000e+00
0.000000000000000000e+00
0.000000000000000000e+00
0.000000000000000000e+00
0.000000000000000000e+00
0.000000000000000000e+00
0.000000000000000000e+00
0.000000000000000000e+00
0.000000000000000000e+00
0.000000000000000000e+00
0.000000000000000000e+00
0.000000000000000000e+00
0.000000000000000000e+00
0.000000000000000000e+00
0.000000000000000000e+00
0.000000000000000000e+00
1.753903627395629883e-01
5.575155466794967651e-02
4.547328650951385498e-01
0.000000000000000000e+00
0.000000000000000000e+00
0.000000000000000000e+00
0.000000000000000000e+00
0.000000000000000000e+00
0.000000000000000000e+00
0.000000000000000000e+00
0.000000000000000000e+00
0.000000000000000000e+00
0.000000000000000000e+00
0.000000000000000000e+00
0.000000000000000000e+00
0.000000000000000000e+00
0.000000000000000000e+00
0.000000000000000000e+00
0.000000000000000000e+00
0.000000000000000000e+00
0.000000000000000000e+00
0.000000000000000000e+00
0.000000000000000000e+00
0.000000000000000000e+00
0.000000000000000000e+00
0.000000000000000000e+00
0.000000000000000000e+00
0.000000000000000000e+00
0.000000000000000000e+00
0.000000000000000000e+00
0.000000000000000000e+00
0.000000000000000000e+00
-1.937575787305831909e-01
-1.127397194504737854e-01
-2.811652794480323792e-02
0.000000000000000000e+00
0.000000000000000000e+00
0.000000000000000000e+00
0.000000000000000000e+00
0.000000000000000000e+00
0.000000000000000000e+00
0.000000000000000000e+00
0.000000000000000000e+00
0.000000000000000000e+00
0.000000000000000000e+00
0.000000000000000000e+00
0.000000000000000000e+00
0.000000000000000000e+00
0.000000000000000000e+00
0.000000000000000000e+00
0.000000000000000000e+00
0.000000000000000000e+00
0.000000000000000000e+00
0.000000000000000000e+00
0.000000000000000000e+00
0.000000000000000000e+00
0.000000000000000000e+00
0.000000000000000000e+00
0.000000000000000000e+00
0.000000000000000000e+00
0.000000000000000000e+00
0.000000000000000000e+00
0.000000000000000000e+00
0.000000000000000000e+00
-1.036011427640914917e-01
1.434171479195356369e-02
1.565113663673400879e-01
0.000000000000000000e+00
0.000000000000000000e+00
0.000000000000000000e+00
0.000000000000000000e+00
0.000000000000000000e+00
0.000000000000000000e+00
0.000000000000000000e+00
0.000000000000000000e+00
0.000000000000000000e+00
0.000000000000000000e+00
0.000000000000000000e+00
0.000000000000000000e+00
0.000000000000000000e+00
0.000000000000000000e+00
0.000000000000000000e+00
0.000000000000000000e+00
0.000000000000000000e+00
0.000000000000000000e+00
0.000000000000000000e+00
0.000000000000000000e+00
0.000000000000000000e+00
0.000000000000000000e+00
0.000000000000000000e+00
0.000000000000000000e+00
0.000000000000000000e+00
0.000000000000000000e+00
0.000000000000000000e+00
0.000000000000000000e+00
0.000000000000000000e+00
-8.764082193374633789e-02
2.293490618467330933e-01
-6.898368149995803833e-02
0.000000000000000000e+00
0.000000000000000000e+00
0.000000000000000000e+00
0.000000000000000000e+00
0.000000000000000000e+00
0.000000000000000000e+00
0.000000000000000000e+00
0.000000000000000000e+00
0.000000000000000000e+00
0.000000000000000000e+00
0.000000000000000000e+00
0.000000000000000000e+00
0.000000000000000000e+00
0.000000000000000000e+00
0.000000000000000000e+00
0.000000000000000000e+00
0.000000000000000000e+00
0.000000000000000000e+00
0.000000000000000000e+00
0.000000000000000000e+00
0.000000000000000000e+00
0.000000000000000000e+00
0.000000000000000000e+00
0.000000000000000000e+00
0.000000000000000000e+00
0.000000000000000000e+00
0.000000000000000000e+00
0.000000000000000000e+00
0.000000000000000000e+00
1.618448346853256226e-01
-5.087852478027343750e-02
9.979057312011718750e-02
0.000000000000000000e+00
0.000000000000000000e+00
0.000000000000000000e+00
0.000000000000000000e+00
0.000000000000000000e+00
0.000000000000000000e+00
0.000000000000000000e+00
0.000000000000000000e+00
0.000000000000000000e+00
0.000000000000000000e+00
0.000000000000000000e+00
0.000000000000000000e+00
0.000000000000000000e+00
0.000000000000000000e+00
0.000000000000000000e+00
0.000000000000000000e+00
0.000000000000000000e+00
0.000000000000000000e+00
0.000000000000000000e+00
0.000000000000000000e+00
0.000000000000000000e+00
0.000000000000000000e+00
0.000000000000000000e+00
0.000000000000000000e+00
0.000000000000000000e+00
0.000000000000000000e+00
0.000000000000000000e+00
0.000000000000000000e+00
0.000000000000000000e+00
-7.847572863101959229e-02
1.803524345159530640e-01
1.049648374319076538e-01
0.000000000000000000e+00
0.000000000000000000e+00
0.000000000000000000e+00
0.000000000000000000e+00
0.000000000000000000e+00
0.000000000000000000e+00
0.000000000000000000e+00
0.000000000000000000e+00
0.000000000000000000e+00
0.000000000000000000e+00
0.000000000000000000e+00
0.000000000000000000e+00
0.000000000000000000e+00
0.000000000000000000e+00
0.000000000000000000e+00
0.000000000000000000e+00
0.000000000000000000e+00
0.000000000000000000e+00
0.000000000000000000e+00
0.000000000000000000e+00
0.000000000000000000e+00
0.000000000000000000e+00
0.000000000000000000e+00
0.000000000000000000e+00
0.000000000000000000e+00
0.000000000000000000e+00
0.000000000000000000e+00
0.000000000000000000e+00
0.000000000000000000e+00
-1.250527203083038330e-01
1.624643057584762573e-02
-3.682037815451622009e-02
0.000000000000000000e+00
0.000000000000000000e+00
0.000000000000000000e+00
0.000000000000000000e+00
0.000000000000000000e+00
0.000000000000000000e+00
0.000000000000000000e+00
0.000000000000000000e+00
0.000000000000000000e+00
0.000000000000000000e+00
0.000000000000000000e+00
0.000000000000000000e+00
0.000000000000000000e+00
0.000000000000000000e+00
0.000000000000000000e+00
0.000000000000000000e+00
0.000000000000000000e+00
0.000000000000000000e+00
0.000000000000000000e+00
0.000000000000000000e+00
0.000000000000000000e+00
0.000000000000000000e+00
0.000000000000000000e+00
0.000000000000000000e+00
0.000000000000000000e+00
0.000000000000000000e+00
0.000000000000000000e+00
0.000000000000000000e+00
0.000000000000000000e+00
2.358438074588775635e-01
-1.358645111322402954e-01
-2.128303498029708862e-01
0.000000000000000000e+00
0.000000000000000000e+00
0.000000000000000000e+00
0.000000000000000000e+00
0.000000000000000000e+00
0.000000000000000000e+00
0.000000000000000000e+00
0.000000000000000000e+00
0.000000000000000000e+00
0.000000000000000000e+00
0.000000000000000000e+00
0.000000000000000000e+00
0.000000000000000000e+00
0.000000000000000000e+00
0.000000000000000000e+00
0.000000000000000000e+00
0.000000000000000000e+00
0.000000000000000000e+00
0.000000000000000000e+00
0.000000000000000000e+00
0.000000000000000000e+00
0.000000000000000000e+00
0.000000000000000000e+00
0.000000000000000000e+00
0.000000000000000000e+00
0.000000000000000000e+00
0.000000000000000000e+00
0.000000000000000000e+00
0.000000000000000000e+00
-1.324189901351928711e-01
3.065168298780918121e-02
-4.066985100507736206e-02
0.000000000000000000e+00
0.000000000000000000e+00
0.000000000000000000e+00
0.000000000000000000e+00
0.000000000000000000e+00
0.000000000000000000e+00
0.000000000000000000e+00
0.000000000000000000e+00
0.000000000000000000e+00
0.000000000000000000e+00
0.000000000000000000e+00
0.000000000000000000e+00
0.000000000000000000e+00
0.000000000000000000e+00
0.000000000000000000e+00
0.000000000000000000e+00
0.000000000000000000e+00
0.000000000000000000e+00
0.000000000000000000e+00
0.000000000000000000e+00
0.000000000000000000e+00
0.000000000000000000e+00
0.000000000000000000e+00
0.000000000000000000e+00
0.000000000000000000e+00
0.000000000000000000e+00
0.000000000000000000e+00
0.000000000000000000e+00
0.000000000000000000e+00
-3.422864377498626709e-01
1.369177997112274170e-01
8.127243816852569580e-02
0.000000000000000000e+00
0.000000000000000000e+00
0.000000000000000000e+00
0.000000000000000000e+00
0.000000000000000000e+00
0.000000000000000000e+00
0.000000000000000000e+00
0.000000000000000000e+00
0.000000000000000000e+00
0.000000000000000000e+00
0.000000000000000000e+00
0.000000000000000000e+00
0.000000000000000000e+00
0.000000000000000000e+00
0.000000000000000000e+00
0.000000000000000000e+00
0.000000000000000000e+00
0.000000000000000000e+00
0.000000000000000000e+00
0.000000000000000000e+00
0.000000000000000000e+00
0.000000000000000000e+00
0.000000000000000000e+00
0.000000000000000000e+00
0.000000000000000000e+00
0.000000000000000000e+00
0.000000000000000000e+00
0.000000000000000000e+00
0.000000000000000000e+00
-6.574166566133499146e-02
-2.837565541267395020e-01
-1.740427166223526001e-01
0.000000000000000000e+00
0.000000000000000000e+00
0.000000000000000000e+00
0.000000000000000000e+00
0.000000000000000000e+00
0.000000000000000000e+00
0.000000000000000000e+00
0.000000000000000000e+00
0.000000000000000000e+00
0.000000000000000000e+00
0.000000000000000000e+00
0.000000000000000000e+00
0.000000000000000000e+00
0.000000000000000000e+00
0.000000000000000000e+00
0.000000000000000000e+00
0.000000000000000000e+00
0.000000000000000000e+00
0.000000000000000000e+00
0.000000000000000000e+00
0.000000000000000000e+00
0.000000000000000000e+00
0.000000000000000000e+00
0.000000000000000000e+00
0.000000000000000000e+00
0.000000000000000000e+00
0.000000000000000000e+00
0.000000000000000000e+00
0.000000000000000000e+00
-4.325774498283863068e-03
2.682039737701416016e-01
-2.350232303142547607e-01
0.000000000000000000e+00
0.000000000000000000e+00
0.000000000000000000e+00
0.000000000000000000e+00
0.000000000000000000e+00
0.000000000000000000e+00
0.000000000000000000e+00
0.000000000000000000e+00
0.000000000000000000e+00
0.000000000000000000e+00
0.000000000000000000e+00
0.000000000000000000e+00
0.000000000000000000e+00
0.000000000000000000e+00
0.000000000000000000e+00
0.000000000000000000e+00
0.000000000000000000e+00
0.000000000000000000e+00
0.000000000000000000e+00
0.000000000000000000e+00
0.000000000000000000e+00
0.000000000000000000e+00
0.000000000000000000e+00
0.000000000000000000e+00
0.000000000000000000e+00
0.000000000000000000e+00
0.000000000000000000e+00
0.000000000000000000e+00
0.000000000000000000e+00
-3.977035582065582275e-01
1.785538941621780396e-01
-9.401617199182510376e-02
0.000000000000000000e+00
0.000000000000000000e+00
0.000000000000000000e+00
0.000000000000000000e+00
0.000000000000000000e+00
0.000000000000000000e+00
0.000000000000000000e+00
0.000000000000000000e+00
0.000000000000000000e+00
0.000000000000000000e+00
0.000000000000000000e+00
0.000000000000000000e+00
0.000000000000000000e+00
0.000000000000000000e+00
0.000000000000000000e+00
0.000000000000000000e+00
0.000000000000000000e+00
0.000000000000000000e+00
0.000000000000000000e+00
0.000000000000000000e+00
0.000000000000000000e+00
0.000000000000000000e+00
0.000000000000000000e+00
0.000000000000000000e+00
0.000000000000000000e+00
0.000000000000000000e+00
0.000000000000000000e+00
0.000000000000000000e+00
0.000000000000000000e+00
7.048498839139938354e-02
3.006595671176910400e-01
-8.767504990100860596e-02
0.000000000000000000e+00
0.000000000000000000e+00
0.000000000000000000e+00
0.000000000000000000e+00
0.000000000000000000e+00
0.000000000000000000e+00
0.000000000000000000e+00
0.000000000000000000e+00
0.000000000000000000e+00
0.000000000000000000e+00
0.000000000000000000e+00
0.000000000000000000e+00
0.000000000000000000e+00
0.000000000000000000e+00
0.000000000000000000e+00
0.000000000000000000e+00
0.000000000000000000e+00
0.000000000000000000e+00
0.000000000000000000e+00
0.000000000000000000e+00
0.000000000000000000e+00
0.000000000000000000e+00
0.000000000000000000e+00
0.000000000000000000e+00
0.000000000000000000e+00
0.000000000000000000e+00
0.000000000000000000e+00
0.000000000000000000e+00
0.000000000000000000e+00
-1.396687924861907959e-01
-1.865450888872146606e-01
6.875904649496078491e-02
0.000000000000000000e+00
0.000000000000000000e+00
0.000000000000000000e+00
0.000000000000000000e+00
0.000000000000000000e+00
0.000000000000000000e+00
0.000000000000000000e+00
0.000000000000000000e+00
0.000000000000000000e+00
0.000000000000000000e+00
0.000000000000000000e+00
0.000000000000000000e+00
0.000000000000000000e+00
0.000000000000000000e+00
0.000000000000000000e+00
0.000000000000000000e+00
0.000000000000000000e+00
0.000000000000000000e+00
0.000000000000000000e+00
0.000000000000000000e+00
0.000000000000000000e+00
0.000000000000000000e+00
0.000000000000000000e+00
0.000000000000000000e+00
0.000000000000000000e+00
0.000000000000000000e+00
0.000000000000000000e+00
0.000000000000000000e+00
0.000000000000000000e+00
4.277503490447998047e-02
-2.421512603759765625e-01
2.137623429298400879e-01
0.000000000000000000e+00
0.000000000000000000e+00
0.000000000000000000e+00
0.000000000000000000e+00
0.000000000000000000e+00
0.000000000000000000e+00
0.000000000000000000e+00
0.000000000000000000e+00
0.000000000000000000e+00
0.000000000000000000e+00
0.000000000000000000e+00
0.000000000000000000e+00
0.000000000000000000e+00
0.000000000000000000e+00
0.000000000000000000e+00
0.000000000000000000e+00
0.000000000000000000e+00
0.000000000000000000e+00
0.000000000000000000e+00
0.000000000000000000e+00
0.000000000000000000e+00
0.000000000000000000e+00
0.000000000000000000e+00
0.000000000000000000e+00
0.000000000000000000e+00
0.000000000000000000e+00
0.000000000000000000e+00
0.000000000000000000e+00
0.000000000000000000e+00
8.630989119410514832e-03
8.165477961301803589e-02
-2.118558734655380249e-01
0.000000000000000000e+00
0.000000000000000000e+00
0.000000000000000000e+00
0.000000000000000000e+00
0.000000000000000000e+00
0.000000000000000000e+00
0.000000000000000000e+00
0.000000000000000000e+00
0.000000000000000000e+00
0.000000000000000000e+00
0.000000000000000000e+00
0.000000000000000000e+00
0.000000000000000000e+00
0.000000000000000000e+00
0.000000000000000000e+00
0.000000000000000000e+00
0.000000000000000000e+00
0.000000000000000000e+00
0.000000000000000000e+00
0.000000000000000000e+00
0.000000000000000000e+00
0.000000000000000000e+00
0.000000000000000000e+00
0.000000000000000000e+00
0.000000000000000000e+00
0.000000000000000000e+00
0.000000000000000000e+00
0.000000000000000000e+00
0.000000000000000000e+00
2.988443672657012939e-01
-7.153645157814025879e-02
-3.813537955284118652e-02
0.000000000000000000e+00
0.000000000000000000e+00
0.000000000000000000e+00
0.000000000000000000e+00
0.000000000000000000e+00
0.000000000000000000e+00
0.000000000000000000e+00
0.000000000000000000e+00
0.000000000000000000e+00
0.000000000000000000e+00
0.000000000000000000e+00
0.000000000000000000e+00
0.000000000000000000e+00
0.000000000000000000e+00
0.000000000000000000e+00
0.000000000000000000e+00
0.000000000000000000e+00
0.000000000000000000e+00
0.000000000000000000e+00
0.000000000000000000e+00
0.000000000000000000e+00
0.000000000000000000e+00
0.000000000000000000e+00
0.000000000000000000e+00
0.000000000000000000e+00
0.000000000000000000e+00
0.000000000000000000e+00
0.000000000000000000e+00
0.000000000000000000e+00
-2.632243931293487549e-01
6.748113036155700684e-02
-2.277527600526809692e-01
0.000000000000000000e+00
0.000000000000000000e+00
0.000000000000000000e+00
0.000000000000000000e+00
0.000000000000000000e+00
0.000000000000000000e+00
0.000000000000000000e+00
0.000000000000000000e+00
0.000000000000000000e+00
0.000000000000000000e+00
0.000000000000000000e+00
0.000000000000000000e+00
0.000000000000000000e+00
0.000000000000000000e+00
0.000000000000000000e+00
0.000000000000000000e+00
0.000000000000000000e+00
0.000000000000000000e+00
0.000000000000000000e+00
0.000000000000000000e+00
0.000000000000000000e+00
0.000000000000000000e+00
0.000000000000000000e+00
0.000000000000000000e+00
0.000000000000000000e+00
0.000000000000000000e+00
0.000000000000000000e+00
0.000000000000000000e+00
0.000000000000000000e+00
-8.509412407875061035e-02
-2.795831859111785889e-01
-3.995357453823089600e-02
0.000000000000000000e+00
0.000000000000000000e+00
0.000000000000000000e+00
0.000000000000000000e+00
0.000000000000000000e+00
0.000000000000000000e+00
0.000000000000000000e+00
0.000000000000000000e+00
0.000000000000000000e+00
0.000000000000000000e+00
0.000000000000000000e+00
0.000000000000000000e+00
0.000000000000000000e+00
0.000000000000000000e+00
0.000000000000000000e+00
0.000000000000000000e+00
0.000000000000000000e+00
0.000000000000000000e+00
0.000000000000000000e+00
0.000000000000000000e+00
0.000000000000000000e+00
0.000000000000000000e+00
0.000000000000000000e+00
0.000000000000000000e+00
0.000000000000000000e+00
0.000000000000000000e+00
0.000000000000000000e+00
0.000000000000000000e+00
0.000000000000000000e+00
-1.044380441308021545e-01
-2.013866975903511047e-02
1.797812730073928833e-01
0.000000000000000000e+00
0.000000000000000000e+00
0.000000000000000000e+00
0.000000000000000000e+00
0.000000000000000000e+00
0.000000000000000000e+00
0.000000000000000000e+00
0.000000000000000000e+00
0.000000000000000000e+00
0.000000000000000000e+00
0.000000000000000000e+00
0.000000000000000000e+00
0.000000000000000000e+00
0.000000000000000000e+00
0.000000000000000000e+00
0.000000000000000000e+00
0.000000000000000000e+00
0.000000000000000000e+00
0.000000000000000000e+00
0.000000000000000000e+00
0.000000000000000000e+00
0.000000000000000000e+00
0.000000000000000000e+00
0.000000000000000000e+00
0.000000000000000000e+00
0.000000000000000000e+00
0.000000000000000000e+00
0.000000000000000000e+00
0.000000000000000000e+00
4.255663454532623291e-01
2.871227264404296875e-01
-4.934343043714761734e-03
0.000000000000000000e+00
0.000000000000000000e+00
0.000000000000000000e+00
0.000000000000000000e+00
0.000000000000000000e+00
0.000000000000000000e+00
0.000000000000000000e+00
0.000000000000000000e+00
0.000000000000000000e+00
0.000000000000000000e+00
0.000000000000000000e+00
0.000000000000000000e+00
0.000000000000000000e+00
0.000000000000000000e+00
0.000000000000000000e+00
0.000000000000000000e+00
0.000000000000000000e+00
0.000000000000000000e+00
0.000000000000000000e+00
0.000000000000000000e+00
0.000000000000000000e+00
0.000000000000000000e+00
0.000000000000000000e+00
0.000000000000000000e+00
0.000000000000000000e+00
0.000000000000000000e+00
0.000000000000000000e+00
0.000000000000000000e+00
0.000000000000000000e+00
-3.256842866539955139e-02
2.948301434516906738e-01
8.467411249876022339e-02
0.000000000000000000e+00
0.000000000000000000e+00
0.000000000000000000e+00
0.000000000000000000e+00
0.000000000000000000e+00
0.000000000000000000e+00
0.000000000000000000e+00
0.000000000000000000e+00
0.000000000000000000e+00
0.000000000000000000e+00
0.000000000000000000e+00
0.000000000000000000e+00
0.000000000000000000e+00
0.000000000000000000e+00
0.000000000000000000e+00
0.000000000000000000e+00
0.000000000000000000e+00
0.000000000000000000e+00
0.000000000000000000e+00
0.000000000000000000e+00
0.000000000000000000e+00
0.000000000000000000e+00
0.000000000000000000e+00
0.000000000000000000e+00
0.000000000000000000e+00
0.000000000000000000e+00
0.000000000000000000e+00
0.000000000000000000e+00
0.000000000000000000e+00
1.382804475724697113e-02
4.132063388824462891e-01
5.763718858361244202e-02
0.000000000000000000e+00
0.000000000000000000e+00
0.000000000000000000e+00
0.000000000000000000e+00
0.000000000000000000e+00
0.000000000000000000e+00
0.000000000000000000e+00
0.000000000000000000e+00
0.000000000000000000e+00
0.000000000000000000e+00
0.000000000000000000e+00
0.000000000000000000e+00
0.000000000000000000e+00
0.000000000000000000e+00
0.000000000000000000e+00
0.000000000000000000e+00
0.000000000000000000e+00
0.000000000000000000e+00
0.000000000000000000e+00
0.000000000000000000e+00
0.000000000000000000e+00
0.000000000000000000e+00
0.000000000000000000e+00
0.000000000000000000e+00
0.000000000000000000e+00
0.000000000000000000e+00
0.000000000000000000e+00
0.000000000000000000e+00
0.000000000000000000e+00
-7.328324019908905029e-03
5.975493695586919785e-03
4.621183034032583237e-03
0.000000000000000000e+00
0.000000000000000000e+00
0.000000000000000000e+00
0.000000000000000000e+00
0.000000000000000000e+00
0.000000000000000000e+00
0.000000000000000000e+00
0.000000000000000000e+00
0.000000000000000000e+00
0.000000000000000000e+00
0.000000000000000000e+00
0.000000000000000000e+00
0.000000000000000000e+00
0.000000000000000000e+00
0.000000000000000000e+00
0.000000000000000000e+00
0.000000000000000000e+00
0.000000000000000000e+00
0.000000000000000000e+00
0.000000000000000000e+00
0.000000000000000000e+00
0.000000000000000000e+00
0.000000000000000000e+00
0.000000000000000000e+00
0.000000000000000000e+00
0.000000000000000000e+00
0.000000000000000000e+00
0.000000000000000000e+00
0.000000000000000000e+00
-1.706345826387405396e-01
-6.501581519842147827e-02
8.662263303995132446e-02
0.000000000000000000e+00
0.000000000000000000e+00
0.000000000000000000e+00
0.000000000000000000e+00
0.000000000000000000e+00
0.000000000000000000e+00
0.000000000000000000e+00
0.000000000000000000e+00
0.000000000000000000e+00
0.000000000000000000e+00
0.000000000000000000e+00
0.000000000000000000e+00
0.000000000000000000e+00
0.000000000000000000e+00
0.000000000000000000e+00
0.000000000000000000e+00
0.000000000000000000e+00
0.000000000000000000e+00
0.000000000000000000e+00
0.000000000000000000e+00
0.000000000000000000e+00
0.000000000000000000e+00
0.000000000000000000e+00
0.000000000000000000e+00
0.000000000000000000e+00
0.000000000000000000e+00
0.000000000000000000e+00
0.000000000000000000e+00
0.000000000000000000e+00
2.118363827466964722e-01
3.377008438110351562e-02
2.946385741233825684e-01
0.000000000000000000e+00
0.000000000000000000e+00
0.000000000000000000e+00
0.000000000000000000e+00
0.000000000000000000e+00
0.000000000000000000e+00
0.000000000000000000e+00
0.000000000000000000e+00
0.000000000000000000e+00
0.000000000000000000e+00
0.000000000000000000e+00
0.000000000000000000e+00
0.000000000000000000e+00
0.000000000000000000e+00
0.000000000000000000e+00
0.000000000000000000e+00
0.000000000000000000e+00
0.000000000000000000e+00
0.000000000000000000e+00
0.000000000000000000e+00
0.000000000000000000e+00
0.000000000000000000e+00
0.000000000000000000e+00
0.000000000000000000e+00
0.000000000000000000e+00
0.000000000000000000e+00
0.000000000000000000e+00
0.000000000000000000e+00
0.000000000000000000e+00
-8.631053566932678223e-02
-2.174641638994216919e-01
-2.116385400295257568e-01
0.000000000000000000e+00
0.000000000000000000e+00
0.000000000000000000e+00
0.000000000000000000e+00
0.000000000000000000e+00
0.000000000000000000e+00
0.000000000000000000e+00
0.000000000000000000e+00
0.000000000000000000e+00
0.000000000000000000e+00
0.000000000000000000e+00
0.000000000000000000e+00
0.000000000000000000e+00
0.000000000000000000e+00
0.000000000000000000e+00
0.000000000000000000e+00
0.000000000000000000e+00
0.000000000000000000e+00
0.000000000000000000e+00
0.000000000000000000e+00
0.000000000000000000e+00
0.000000000000000000e+00
0.000000000000000000e+00
0.000000000000000000e+00
0.000000000000000000e+00
0.000000000000000000e+00
0.000000000000000000e+00
0.000000000000000000e+00
0.000000000000000000e+00
3.545071557164192200e-02
1.360463351011276245e-01
-1.628442555665969849e-01
0.000000000000000000e+00
0.000000000000000000e+00
0.000000000000000000e+00
0.000000000000000000e+00
0.000000000000000000e+00
0.000000000000000000e+00
0.000000000000000000e+00
0.000000000000000000e+00
0.000000000000000000e+00
0.000000000000000000e+00
0.000000000000000000e+00
0.000000000000000000e+00
0.000000000000000000e+00
0.000000000000000000e+00
0.000000000000000000e+00
0.000000000000000000e+00
0.000000000000000000e+00
0.000000000000000000e+00
0.000000000000000000e+00
0.000000000000000000e+00
0.000000000000000000e+00
0.000000000000000000e+00
0.000000000000000000e+00
0.000000000000000000e+00
0.000000000000000000e+00
0.000000000000000000e+00
0.000000000000000000e+00
0.000000000000000000e+00
0.000000000000000000e+00
1.433290392160415649e-01
-1.081979349255561829e-01
-3.268331661820411682e-02
0.000000000000000000e+00
0.000000000000000000e+00
0.000000000000000000e+00
0.000000000000000000e+00
0.000000000000000000e+00
0.000000000000000000e+00
0.000000000000000000e+00
0.000000000000000000e+00
0.000000000000000000e+00
0.000000000000000000e+00
0.000000000000000000e+00
0.000000000000000000e+00
0.000000000000000000e+00
0.000000000000000000e+00
0.000000000000000000e+00
0.000000000000000000e+00
0.000000000000000000e+00
0.000000000000000000e+00
0.000000000000000000e+00
0.000000000000000000e+00
0.000000000000000000e+00
0.000000000000000000e+00
0.000000000000000000e+00
0.000000000000000000e+00
0.000000000000000000e+00
0.000000000000000000e+00
0.000000000000000000e+00
0.000000000000000000e+00
0.000000000000000000e+00
2.965476810932159424e-01
-3.004841040819883347e-03
-4.309419542551040649e-02
0.000000000000000000e+00
0.000000000000000000e+00
0.000000000000000000e+00
0.000000000000000000e+00
0.000000000000000000e+00
0.000000000000000000e+00
0.000000000000000000e+00
0.000000000000000000e+00
0.000000000000000000e+00
0.000000000000000000e+00
0.000000000000000000e+00
0.000000000000000000e+00
0.000000000000000000e+00
0.000000000000000000e+00
0.000000000000000000e+00
0.000000000000000000e+00
0.000000000000000000e+00
0.000000000000000000e+00
0.000000000000000000e+00
0.000000000000000000e+00
0.000000000000000000e+00
0.000000000000000000e+00
0.000000000000000000e+00
0.000000000000000000e+00
0.000000000000000000e+00
0.000000000000000000e+00
0.000000000000000000e+00
0.000000000000000000e+00
0.000000000000000000e+00
1.076684966683387756e-01
-2.562199346721172333e-02
1.153354495763778687e-01
0.000000000000000000e+00
0.000000000000000000e+00
0.000000000000000000e+00
0.000000000000000000e+00
0.000000000000000000e+00
0.000000000000000000e+00
0.000000000000000000e+00
0.000000000000000000e+00
0.000000000000000000e+00
0.000000000000000000e+00
0.000000000000000000e+00
0.000000000000000000e+00
0.000000000000000000e+00
0.000000000000000000e+00
0.000000000000000000e+00
0.000000000000000000e+00
0.000000000000000000e+00
0.000000000000000000e+00
0.000000000000000000e+00
0.000000000000000000e+00
0.000000000000000000e+00
0.000000000000000000e+00
0.000000000000000000e+00
0.000000000000000000e+00
0.000000000000000000e+00
0.000000000000000000e+00
0.000000000000000000e+00
0.000000000000000000e+00
0.000000000000000000e+00
-1.068048775196075439e-01
1.640008389949798584e-01
-1.425656378269195557e-01
0.000000000000000000e+00
0.000000000000000000e+00
0.000000000000000000e+00
0.000000000000000000e+00
0.000000000000000000e+00
0.000000000000000000e+00
0.000000000000000000e+00
0.000000000000000000e+00
0.000000000000000000e+00
0.000000000000000000e+00
0.000000000000000000e+00
0.000000000000000000e+00
0.000000000000000000e+00
0.000000000000000000e+00
0.000000000000000000e+00
0.000000000000000000e+00
0.000000000000000000e+00
0.000000000000000000e+00
0.000000000000000000e+00
0.000000000000000000e+00
0.000000000000000000e+00
0.000000000000000000e+00
0.000000000000000000e+00
0.000000000000000000e+00
0.000000000000000000e+00
0.000000000000000000e+00
0.000000000000000000e+00
0.000000000000000000e+00
0.000000000000000000e+00
3.847340866923332214e-02
-2.941588871181011200e-02
-3.459588289260864258e-01
0.000000000000000000e+00
0.000000000000000000e+00
0.000000000000000000e+00
0.000000000000000000e+00
0.000000000000000000e+00
0.000000000000000000e+00
0.000000000000000000e+00
0.000000000000000000e+00
0.000000000000000000e+00
0.000000000000000000e+00
0.000000000000000000e+00
0.000000000000000000e+00
0.000000000000000000e+00
0.000000000000000000e+00
0.000000000000000000e+00
0.000000000000000000e+00
0.000000000000000000e+00
0.000000000000000000e+00
0.000000000000000000e+00
0.000000000000000000e+00
0.000000000000000000e+00
0.000000000000000000e+00
0.000000000000000000e+00
0.000000000000000000e+00
0.000000000000000000e+00
0.000000000000000000e+00
0.000000000000000000e+00
0.000000000000000000e+00
0.000000000000000000e+00
-7.806901633739471436e-02
-1.715222299098968506e-01
-2.349546402692794800e-01
0.000000000000000000e+00
0.000000000000000000e+00
0.000000000000000000e+00
0.000000000000000000e+00
0.000000000000000000e+00
0.000000000000000000e+00
0.000000000000000000e+00
0.000000000000000000e+00
0.000000000000000000e+00
0.000000000000000000e+00
0.000000000000000000e+00
0.000000000000000000e+00
0.000000000000000000e+00
0.000000000000000000e+00
0.000000000000000000e+00
0.000000000000000000e+00
0.000000000000000000e+00
0.000000000000000000e+00
0.000000000000000000e+00
0.000000000000000000e+00
0.000000000000000000e+00
0.000000000000000000e+00
0.000000000000000000e+00
0.000000000000000000e+00
0.000000000000000000e+00
0.000000000000000000e+00
0.000000000000000000e+00
0.000000000000000000e+00
0.000000000000000000e+00
2.063727192580699921e-02
2.600253224372863770e-01
-1.471598744392395020e-01
0.000000000000000000e+00
0.000000000000000000e+00
0.000000000000000000e+00
0.000000000000000000e+00
0.000000000000000000e+00
0.000000000000000000e+00
0.000000000000000000e+00
0.000000000000000000e+00
0.000000000000000000e+00
0.000000000000000000e+00
0.000000000000000000e+00
0.000000000000000000e+00
0.000000000000000000e+00
0.000000000000000000e+00
0.000000000000000000e+00
0.000000000000000000e+00
0.000000000000000000e+00
0.000000000000000000e+00
0.000000000000000000e+00
0.000000000000000000e+00
0.000000000000000000e+00
0.000000000000000000e+00
0.000000000000000000e+00
0.000000000000000000e+00
0.000000000000000000e+00
0.000000000000000000e+00
0.000000000000000000e+00
0.000000000000000000e+00
0.000000000000000000e+00
2.189952582120895386e-01
1.959319114685058594e-01
3.587764799594879150e-01
0.000000000000000000e+00
0.000000000000000000e+00
0.000000000000000000e+00
0.000000000000000000e+00
0.000000000000000000e+00
0.000000000000000000e+00
0.000000000000000000e+00
0.000000000000000000e+00
0.000000000000000000e+00
0.000000000000000000e+00
0.000000000000000000e+00
0.000000000000000000e+00
0.000000000000000000e+00
0.000000000000000000e+00
0.000000000000000000e+00
0.000000000000000000e+00
0.000000000000000000e+00
0.000000000000000000e+00
0.000000000000000000e+00
0.000000000000000000e+00
0.000000000000000000e+00
0.000000000000000000e+00
0.000000000000000000e+00
0.000000000000000000e+00
0.000000000000000000e+00
0.000000000000000000e+00
0.000000000000000000e+00
0.000000000000000000e+00
0.000000000000000000e+00
-2.044900506734848022e-01
2.479206770658493042e-01
-3.766416311264038086e-01
0.000000000000000000e+00
0.000000000000000000e+00
0.000000000000000000e+00
0.000000000000000000e+00
0.000000000000000000e+00
0.000000000000000000e+00
0.000000000000000000e+00
0.000000000000000000e+00
0.000000000000000000e+00
0.000000000000000000e+00
0.000000000000000000e+00
0.000000000000000000e+00
0.000000000000000000e+00
0.000000000000000000e+00
0.000000000000000000e+00
0.000000000000000000e+00
0.000000000000000000e+00
0.000000000000000000e+00
0.000000000000000000e+00
0.000000000000000000e+00
0.000000000000000000e+00
0.000000000000000000e+00
0.000000000000000000e+00
0.000000000000000000e+00
0.000000000000000000e+00
0.000000000000000000e+00
0.000000000000000000e+00
0.000000000000000000e+00
0.000000000000000000e+00
9.301255457103252411e-03
-2.373258471488952637e-01
-1.204783096909523010e-01
0.000000000000000000e+00
0.000000000000000000e+00
0.000000000000000000e+00
0.000000000000000000e+00
0.000000000000000000e+00
0.000000000000000000e+00
0.000000000000000000e+00
0.000000000000000000e+00
0.000000000000000000e+00
0.000000000000000000e+00
0.000000000000000000e+00
0.000000000000000000e+00
0.000000000000000000e+00
0.000000000000000000e+00
0.000000000000000000e+00
0.000000000000000000e+00
0.000000000000000000e+00
0.000000000000000000e+00
0.000000000000000000e+00
0.000000000000000000e+00
0.000000000000000000e+00
0.000000000000000000e+00
0.000000000000000000e+00
0.000000000000000000e+00
0.000000000000000000e+00
0.000000000000000000e+00
0.000000000000000000e+00
0.000000000000000000e+00
0.000000000000000000e+00
1.217953041195869446e-01
-1.098329648375511169e-01
-7.569682598114013672e-02
0.000000000000000000e+00
0.000000000000000000e+00
0.000000000000000000e+00
0.000000000000000000e+00
0.000000000000000000e+00
0.000000000000000000e+00
0.000000000000000000e+00
0.000000000000000000e+00
0.000000000000000000e+00
0.000000000000000000e+00
0.000000000000000000e+00
0.000000000000000000e+00
0.000000000000000000e+00
0.000000000000000000e+00
0.000000000000000000e+00
0.000000000000000000e+00
0.000000000000000000e+00
0.000000000000000000e+00
0.000000000000000000e+00
0.000000000000000000e+00
0.000000000000000000e+00
0.000000000000000000e+00
0.000000000000000000e+00
0.000000000000000000e+00
0.000000000000000000e+00
0.000000000000000000e+00
0.000000000000000000e+00
0.000000000000000000e+00
0.000000000000000000e+00
6.175711750984191895e-02
7.837330922484397888e-03
-3.596163541078567505e-02
0.000000000000000000e+00
0.000000000000000000e+00
0.000000000000000000e+00
0.000000000000000000e+00
0.000000000000000000e+00
0.000000000000000000e+00
0.000000000000000000e+00
0.000000000000000000e+00
0.000000000000000000e+00
0.000000000000000000e+00
0.000000000000000000e+00
0.000000000000000000e+00
0.000000000000000000e+00
0.000000000000000000e+00
0.000000000000000000e+00
0.000000000000000000e+00
0.000000000000000000e+00
0.000000000000000000e+00
0.000000000000000000e+00
0.000000000000000000e+00
0.000000000000000000e+00
0.000000000000000000e+00
0.000000000000000000e+00
0.000000000000000000e+00
0.000000000000000000e+00
0.000000000000000000e+00
0.000000000000000000e+00
0.000000000000000000e+00
0.000000000000000000e+00
-3.968271985650062561e-02
-1.188871562480926514e-01
-2.753717824816703796e-02
0.000000000000000000e+00
0.000000000000000000e+00
0.000000000000000000e+00
0.000000000000000000e+00
0.000000000000000000e+00
0.000000000000000000e+00
0.000000000000000000e+00
0.000000000000000000e+00
0.000000000000000000e+00
0.000000000000000000e+00
0.000000000000000000e+00
0.000000000000000000e+00
0.000000000000000000e+00
0.000000000000000000e+00
0.000000000000000000e+00
0.000000000000000000e+00
0.000000000000000000e+00
0.000000000000000000e+00
0.000000000000000000e+00
0.000000000000000000e+00
0.000000000000000000e+00
0.000000000000000000e+00
0.000000000000000000e+00
0.000000000000000000e+00
0.000000000000000000e+00
0.000000000000000000e+00
0.000000000000000000e+00
0.000000000000000000e+00
0.000000000000000000e+00
-3.751466050744056702e-02
-1.860012710094451904e-01
-2.619938254356384277e-01
0.000000000000000000e+00
0.000000000000000000e+00
0.000000000000000000e+00
0.000000000000000000e+00
0.000000000000000000e+00
0.000000000000000000e+00
0.000000000000000000e+00
0.000000000000000000e+00
0.000000000000000000e+00
0.000000000000000000e+00
0.000000000000000000e+00
0.000000000000000000e+00
0.000000000000000000e+00
0.000000000000000000e+00
0.000000000000000000e+00
0.000000000000000000e+00
0.000000000000000000e+00
0.000000000000000000e+00
0.000000000000000000e+00
0.000000000000000000e+00
0.000000000000000000e+00
0.000000000000000000e+00
0.000000000000000000e+00
0.000000000000000000e+00
0.000000000000000000e+00
0.000000000000000000e+00
0.000000000000000000e+00
0.000000000000000000e+00
0.000000000000000000e+00
1.375284194946289062e-01
-1.946431994438171387e-01
-2.513145655393600464e-02
0.000000000000000000e+00
0.000000000000000000e+00
0.000000000000000000e+00
0.000000000000000000e+00
0.000000000000000000e+00
0.000000000000000000e+00
0.000000000000000000e+00
0.000000000000000000e+00
0.000000000000000000e+00
0.000000000000000000e+00
0.000000000000000000e+00
0.000000000000000000e+00
0.000000000000000000e+00
0.000000000000000000e+00
0.000000000000000000e+00
0.000000000000000000e+00
0.000000000000000000e+00
0.000000000000000000e+00
0.000000000000000000e+00
0.000000000000000000e+00
0.000000000000000000e+00
0.000000000000000000e+00
0.000000000000000000e+00
0.000000000000000000e+00
0.000000000000000000e+00
0.000000000000000000e+00
0.000000000000000000e+00
0.000000000000000000e+00
0.000000000000000000e+00
-1.770383566617965698e-01
-4.368317872285842896e-02
-8.140552043914794922e-02
0.000000000000000000e+00
0.000000000000000000e+00
0.000000000000000000e+00
0.000000000000000000e+00
0.000000000000000000e+00
0.000000000000000000e+00
0.000000000000000000e+00
0.000000000000000000e+00
0.000000000000000000e+00
0.000000000000000000e+00
0.000000000000000000e+00
0.000000000000000000e+00
0.000000000000000000e+00
0.000000000000000000e+00
0.000000000000000000e+00
0.000000000000000000e+00
0.000000000000000000e+00
0.000000000000000000e+00
0.000000000000000000e+00
0.000000000000000000e+00
0.000000000000000000e+00
0.000000000000000000e+00
0.000000000000000000e+00
0.000000000000000000e+00
0.000000000000000000e+00
0.000000000000000000e+00
0.000000000000000000e+00
0.000000000000000000e+00
0.000000000000000000e+00
7.844497263431549072e-02
1.339701116085052490e-01
-1.448344718664884567e-02
0.000000000000000000e+00
0.000000000000000000e+00
0.000000000000000000e+00
0.000000000000000000e+00
0.000000000000000000e+00
0.000000000000000000e+00
0.000000000000000000e+00
0.000000000000000000e+00
0.000000000000000000e+00
0.000000000000000000e+00
0.000000000000000000e+00
0.000000000000000000e+00
0.000000000000000000e+00
0.000000000000000000e+00
0.000000000000000000e+00
0.000000000000000000e+00
0.000000000000000000e+00
0.000000000000000000e+00
0.000000000000000000e+00
0.000000000000000000e+00
0.000000000000000000e+00
0.000000000000000000e+00
0.000000000000000000e+00
0.000000000000000000e+00
0.000000000000000000e+00
0.000000000000000000e+00
0.000000000000000000e+00
0.000000000000000000e+00
0.000000000000000000e+00
-1.613807231187820435e-01
-3.752844780683517456e-02
-1.643141061067581177e-01
0.000000000000000000e+00
0.000000000000000000e+00
0.000000000000000000e+00
0.000000000000000000e+00
0.000000000000000000e+00
0.000000000000000000e+00
0.000000000000000000e+00
0.000000000000000000e+00
0.000000000000000000e+00
0.000000000000000000e+00
0.000000000000000000e+00
0.000000000000000000e+00
0.000000000000000000e+00
0.000000000000000000e+00
0.000000000000000000e+00
0.000000000000000000e+00
0.000000000000000000e+00
0.000000000000000000e+00
0.000000000000000000e+00
0.000000000000000000e+00
0.000000000000000000e+00
0.000000000000000000e+00
0.000000000000000000e+00
0.000000000000000000e+00
0.000000000000000000e+00
0.000000000000000000e+00
0.000000000000000000e+00
0.000000000000000000e+00
0.000000000000000000e+00
2.200081497430801392e-01
-8.588214218616485596e-02
-1.375592648983001709e-01
0.000000000000000000e+00
0.000000000000000000e+00
0.000000000000000000e+00
0.000000000000000000e+00
0.000000000000000000e+00
0.000000000000000000e+00
0.000000000000000000e+00
0.000000000000000000e+00
0.000000000000000000e+00
0.000000000000000000e+00
0.000000000000000000e+00
0.000000000000000000e+00
0.000000000000000000e+00
0.000000000000000000e+00
0.000000000000000000e+00
0.000000000000000000e+00
0.000000000000000000e+00
0.000000000000000000e+00
0.000000000000000000e+00
0.000000000000000000e+00
0.000000000000000000e+00
0.000000000000000000e+00
0.000000000000000000e+00
0.000000000000000000e+00
0.000000000000000000e+00
0.000000000000000000e+00
0.000000000000000000e+00
0.000000000000000000e+00
0.000000000000000000e+00
2.842054963111877441e-01
-7.001930475234985352e-02
-1.072110459208488464e-01
0.000000000000000000e+00
0.000000000000000000e+00
0.000000000000000000e+00
0.000000000000000000e+00
0.000000000000000000e+00
0.000000000000000000e+00
0.000000000000000000e+00
0.000000000000000000e+00
0.000000000000000000e+00
0.000000000000000000e+00
0.000000000000000000e+00
0.000000000000000000e+00
0.000000000000000000e+00
0.000000000000000000e+00
0.000000000000000000e+00
0.000000000000000000e+00
0.000000000000000000e+00
0.000000000000000000e+00
0.000000000000000000e+00
0.000000000000000000e+00
0.000000000000000000e+00
0.000000000000000000e+00
0.000000000000000000e+00
0.000000000000000000e+00
0.000000000000000000e+00
0.000000000000000000e+00
0.000000000000000000e+00
0.000000000000000000e+00
0.000000000000000000e+00
2.215600013732910156e-01
2.215737551450729370e-01
2.215570807456970215e-01
2.215646058320999146e-01
2.215685695409774780e-01
2.215449512004852295e-01
2.215478420257568359e-01
2.215583473443984985e-01
2.215370684862136841e-01
2.215499579906463623e-01
2.215705960988998413e-01
2.215419411659240723e-01
2.215525507926940918e-01
2.215554416179656982e-01
2.215412259101867676e-01
2.215425074100494385e-01
2.215651124715805054e-01
2.215730994939804077e-01
2.215474694967269897e-01
2.215578705072402954e-01
2.215742021799087524e-01
2.215639501810073853e-01
2.215464562177658081e-01
2.215592563152313232e-01
2.215607017278671265e-01
2.215578258037567139e-01
2.215699404478073120e-01
2.215519994497299194e-01
2.215597033500671387e-01
2.215684652328491211e-01
2.215474843978881836e-01
2.215429097414016724e-01
2.215524315834045410e-01
2.215590327978134155e-01
2.215425670146942139e-01
2.215644717216491699e-01
2.215618193149566650e-01
2.215589880943298340e-01
2.215656191110610962e-01
2.215688973665237427e-01
2.215567678213119507e-01
2.215452790260314941e-01
2.215622365474700928e-01
2.215506881475448608e-01
2.215464711189270020e-01
2.215500324964523315e-01
2.215370237827301025e-01
2.215652018785476685e-01
2.215441316366195679e-01
2.215547859668731689e-01
2.215428650379180908e-01
2.215405106544494629e-01
2.215521186590194702e-01
2.215461879968643188e-01
2.215577512979507446e-01
2.215547263622283936e-01
2.215570509433746338e-01
2.215334922075271606e-01
2.215653210878372192e-01
2.215630561113357544e-01
2.215526849031448364e-01
2.215599268674850464e-01
2.215478271245956421e-01
2.215475738048553467e-01
2.215703278779983521e-01
2.215463966131210327e-01
2.215501070022583008e-01
2.215528339147567749e-01
2.215572744607925415e-01
2.215545624494552612e-01
2.215476036071777344e-01
2.215680181980133057e-01
2.215517461299896240e-01
2.215531170368194580e-01
2.215654253959655762e-01
2.215519696474075317e-01
2.215594351291656494e-01
2.215669006109237671e-01
2.215780317783355713e-01
2.215679734945297241e-01
2.215554118156433105e-01
2.215565294027328491e-01
2.215525954961776733e-01
2.215475589036941528e-01
2.215769141912460327e-01
2.215630710124969482e-01
2.215500324964523315e-01
2.215590476989746094e-01
2.215782254934310913e-01
2.215764373540878296e-01
2.215600013732910156e-01
2.215792089700698853e-01
2.215774357318878174e-01
2.215663641691207886e-01
2.215597629547119141e-01
2.215481996536254883e-01
2.215537726879119873e-01
2.215592712163925171e-01
2.215725481510162354e-01
2.215400338172912598e-01
2.215531915426254272e-01
2.215647846460342407e-01
2.215355187654495239e-01
2.215397804975509644e-01
2.215499877929687500e-01
2.215672135353088379e-01
2.215383201837539673e-01
2.215608507394790649e-01
2.215449512004852295e-01
2.215554863214492798e-01
2.215482145547866821e-01
2.215625941753387451e-01
2.215677946805953979e-01
2.215602099895477295e-01
2.215638309717178345e-01
2.215575128793716431e-01
2.215587198734283447e-01
2.215545922517776489e-01
2.215624302625656128e-01
2.215442806482315063e-01
2.215436100959777832e-01
2.215516269207000732e-01
2.215591520071029663e-01
2.215574085712432861e-01
2.215523570775985718e-01
2.215529680252075195e-01
2.215453535318374634e-01
2.215597033500671387e-01
2.215659916400909424e-01
2.215615212917327881e-01
2.215347141027450562e-01
2.215663045644760132e-01
2.215547114610671997e-01
2.215326279401779175e-01
2.215576022863388062e-01
2.215457856655120850e-01
2.215479165315628052e-01
2.215616852045059204e-01
2.215581685304641724e-01
2.215542197227478027e-01
2.215651869773864746e-01
2.215448915958404541e-01
2.215778529644012451e-01
2.215618491172790527e-01
2.215550690889358521e-01
2.215656191110610962e-01
2.215641885995864868e-01
2.215460240840911865e-01
2.215501368045806885e-01
2.215566039085388184e-01
2.215623855590820312e-01
2.215697616338729858e-01
2.215542644262313843e-01
2.215638011693954468e-01
2.215747386217117310e-01
2.215637117624282837e-01
2.215590029954910278e-01
2.215656042098999023e-01
2.215522974729537964e-01
2.215697318315505981e-01
2.215728163719177246e-01
2.215729653835296631e-01
2.215476781129837036e-01
2.215819507837295532e-01
2.215547859668731689e-01
2.215684056282043457e-01
2.215600609779357910e-01
2.215665727853775024e-01
2.215615361928939819e-01
2.215534448623657227e-01
2.215632647275924683e-01
2.215345054864883423e-01
2.215601801872253418e-01
2.215412259101867676e-01
2.215526103973388672e-01
2.215633392333984375e-01
2.215611189603805542e-01
2.215522378683090210e-01
2.215479612350463867e-01
2.215571105480194092e-01
2.215694934129714966e-01
2.215601801872253418e-01
2.215702235698699951e-01
2.215472161769866943e-01
2.215716242790222168e-01
2.215457707643508911e-01
2.215554565191268921e-01
2.215584665536880493e-01
2.215682119131088257e-01
2.215616106986999512e-01
2.215699553489685059e-01
2.215466201305389404e-01
2.215636223554611206e-01
2.215470820665359497e-01
2.215482294559478760e-01
2.215657532215118408e-01
2.215624153614044189e-01
2.215452343225479126e-01
2.215560376644134521e-01
2.215499728918075562e-01
2.215703278779983521e-01
2.215526103973388672e-01
2.215555161237716675e-01
2.215529829263687134e-01
2.215647846460342407e-01
2.215669751167297363e-01
2.215573489665985107e-01
2.215346395969390869e-01
2.215567976236343384e-01
2.215583175420761108e-01
2.215586751699447632e-01
2.215665727853775024e-01
2.215603440999984741e-01
2.215651869773864746e-01
2.215583920478820801e-01
2.215594500303268433e-01
2.215423434972763062e-01
2.215445637702941895e-01
2.215573340654373169e-01
2.215712964534759521e-01
2.215806096792221069e-01
2.215422093868255615e-01
2.215585857629776001e-01
2.215570211410522461e-01
2.215544730424880981e-01
2.215639054775238037e-01
2.215462774038314819e-01
2.215562015771865845e-01
2.215527445077896118e-01
2.215493470430374146e-01
2.215398102998733521e-01
2.215571701526641846e-01
2.215709537267684937e-01
2.215482443571090698e-01
2.215481251478195190e-01
2.215569615364074707e-01
2.215537875890731812e-01
2.215607911348342896e-01
2.215492427349090576e-01
2.215632051229476929e-01
2.215641587972640991e-01
2.215471714735031128e-01
2.215358763933181763e-01
2.215537279844284058e-01
2.215702682733535767e-01
2.215303480625152588e-01
2.215635329484939575e-01
2.215403318405151367e-01
2.215728610754013062e-01
2.215388715267181396e-01
2.215640991926193237e-01
2.215576469898223877e-01
2.215456068515777588e-01
2.215437889099121094e-01
2.215557992458343506e-01
2.215524762868881226e-01
2.215656489133834839e-01
2.215609252452850342e-01
2.215408384799957275e-01
2.215612679719924927e-01
2.215594500303268433e-01
2.215553820133209229e-01
2.215604037046432495e-01
2.215649485588073730e-01
2.215524911880493164e-01
2.215709537267684937e-01
2.215697765350341797e-01
2.215508222579956055e-01
2.215525954961776733e-01
2.215607613325119019e-01
2.215596735477447510e-01
2.215704172849655151e-01
2.215608507394790649e-01
2.215470969676971436e-01
2.215592563152313232e-01
2.215655595064163208e-01
2.215593010187149048e-01
2.215684354305267334e-01
2.215557396411895752e-01
2.215553075075149536e-01
2.215524613857269287e-01
2.215524017810821533e-01
2.215671986341476440e-01
2.215589880943298340e-01
2.215610146522521973e-01
2.215505391359329224e-01
2.215559035539627075e-01
2.215476483106613159e-01
2.215569466352462769e-01
2.215829342603683472e-01
2.215489298105239868e-01
2.215709686279296875e-01
2.215518653392791748e-01
2.215342968702316284e-01
2.215555608272552490e-01
2.215611189603805542e-01
2.215405553579330444e-01
2.215677052736282349e-01
2.215554863214492798e-01
2.215504199266433716e-01
2.215572148561477661e-01
2.215608954429626465e-01
2.215529978275299072e-01
2.215694785118103027e-01
2.215646058320999146e-01
2.215411961078643799e-01
2.215449064970016479e-01
2.215393483638763428e-01
2.215588390827178955e-01
2.215530574321746826e-01
2.215496897697448730e-01
2.215596437454223633e-01
2.215679734945297241e-01
2.215340733528137207e-01
2.215711176395416260e-01
2.215721160173416138e-01
2.215524613857269287e-01
2.215551286935806274e-01
2.215442359447479248e-01
2.215638309717178345e-01
2.215613275766372681e-01
2.215445786714553833e-01
2.215517908334732056e-01
2.215534150600433350e-01
2.215582579374313354e-01
2.215432673692703247e-01
2.215629667043685913e-01
2.215748578310012817e-01
2.215376794338226318e-01
2.215542942285537720e-01
2.215576022863388062e-01
2.215462177991867065e-01
2.215373516082763672e-01
2.215577065944671631e-01
2.215540707111358643e-01
2.215567380189895630e-01
2.215661704540252686e-01
2.215628176927566528e-01
2.215652316808700562e-01
2.215684205293655396e-01
2.215442359447479248e-01
2.215663045644760132e-01
2.215534746646881104e-01
2.215552479028701782e-01
2.215514630079269409e-01
2.215504050254821777e-01
2.215541154146194458e-01
2.215498536825180054e-01
2.215593159198760986e-01
2.215560078620910645e-01
2.215639203786849976e-01
2.215784192085266113e-01
2.215626239776611328e-01
2.215416282415390015e-01
2.215660065412521362e-01
2.215482145547866821e-01
2.215594351291656494e-01
2.215543538331985474e-01
2.215495705604553223e-01
2.215657979249954224e-01
2.215498834848403931e-01
2.215516418218612671e-01
2.215719372034072876e-01
2.215534597635269165e-01
2.215505838394165039e-01
2.215514928102493286e-01
2.215684801340103149e-01
2.215577661991119385e-01
2.215773314237594604e-01
2.215668708086013794e-01
2.215699255466461182e-01
2.215492725372314453e-01
2.215506136417388916e-01
2.215570658445358276e-01
2.215522229671478271e-01
2.215574830770492554e-01
2.215602546930313110e-01
2.215594798326492310e-01
2.215360999107360840e-01
2.215658277273178101e-01
2.215405106544494629e-01
2.215451747179031372e-01
2.215568274259567261e-01
2.215500771999359131e-01
2.215413898229598999e-01
2.215386331081390381e-01
2.215462774038314819e-01
2.215592116117477417e-01
2.215608805418014526e-01
2.215515524148941040e-01
2.215459793806076050e-01
2.215524017810821533e-01
2.215439230203628540e-01
2.215645760297775269e-01
2.215373814105987549e-01
2.215519100427627563e-01
2.215535789728164673e-01
2.215683907270431519e-01
2.215639203786849976e-01
2.215583175420761108e-01
2.215521931648254395e-01
2.215533256530761719e-01
2.215463668107986450e-01
2.215610146522521973e-01
2.215458303689956665e-01
2.215396910905838013e-01
2.215724289417266846e-01
2.215728759765625000e-01
2.215532809495925903e-01
2.215680330991744995e-01
2.215645611286163330e-01
2.215758562088012695e-01
2.215505838394165039e-01
2.215659916400909424e-01
2.215518355369567871e-01
2.215491533279418945e-01
2.215584814548492432e-01
2.215412706136703491e-01
2.215623408555984497e-01
2.215541601181030273e-01
2.215655297040939331e-01
2.215476483106613159e-01
2.215624302625656128e-01
2.215527892112731934e-01
2.215580046176910400e-01
2.215546071529388428e-01
2.215502560138702393e-01
2.215504795312881470e-01
2.215643376111984253e-01
2.215594351291656494e-01
2.215542048215866089e-01
2.215514779090881348e-01
2.215501219034194946e-01
2.215538173913955688e-01
2.215449064970016479e-01
2.215605378150939941e-01
2.215538322925567627e-01
2.215422093868255615e-01
2.215560078620910645e-01
2.215493619441986084e-01
2.215612381696701050e-01
2.215639203786849976e-01
2.215745002031326294e-01
2.215547412633895874e-01
2.215590476989746094e-01
2.215712070465087891e-01
2.215589284896850586e-01
2.215763330459594727e-01
2.215572297573089600e-01
2.215516120195388794e-01
2.215536385774612427e-01
2.215566784143447876e-01
2.215419411659240723e-01
2.215522080659866333e-01
2.215484976768493652e-01
2.215326726436614990e-01
2.215619385242462158e-01
2.215523719787597656e-01
2.215568125247955322e-01
2.215342223644256592e-01
2.215701341629028320e-01
2.215613275766372681e-01
2.215590029954910278e-01
2.215585559606552124e-01
2.215508222579956055e-01
2.215622514486312866e-01
2.215586900711059570e-01
2.215526700019836426e-01
2.215556651353836060e-01
2.215594798326492310e-01
2.215542495250701904e-01
2.215563654899597168e-01
2.215536087751388550e-01
2.215580791234970093e-01
2.215546667575836182e-01
2.215404808521270752e-01
2.215610593557357788e-01
2.215481847524642944e-01
2.215461432933807373e-01
2.215384989976882935e-01
2.215723544359207153e-01
2.215612977743148804e-01
2.215574085712432861e-01
2.215738743543624878e-01
2.215645164251327515e-01
2.215564399957656860e-01
2.215543538331985474e-01
2.215750813484191895e-01
2.215527147054672241e-01
2.215558141469955444e-01
2.215516567230224609e-01
2.215590327978134155e-01
2.215406447649002075e-01
2.215610593557357788e-01
2.215700596570968628e-01
2.215626686811447144e-01
2.215409129858016968e-01
2.215469628572463989e-01
2.215570360422134399e-01
2.215593755245208740e-01
2.215553820133209229e-01
2.215462177991867065e-01
2.215649932622909546e-01
2.215542942285537720e-01
2.215501666069030762e-01
2.215545922517776489e-01
2.215510904788970947e-01
2.215578705072402954e-01
2.215516120195388794e-01
2.215659022331237793e-01
2.215610146522521973e-01
2.215549051761627197e-01
2.215597033500671387e-01
2.215451151132583618e-01
2.215629369020462036e-01
2.215518802404403687e-01
2.215415388345718384e-01
2.215463072061538696e-01
2.215725183486938477e-01
2.215525507926940918e-01
2.215377688407897949e-01
2.215641289949417114e-01
2.215772271156311035e-01
2.215550094842910767e-01
2.215635329484939575e-01
2.215661108493804932e-01
2.215577512979507446e-01
2.215722352266311646e-01
2.215538322925567627e-01
2.215463966131210327e-01
2.215424478054046631e-01
2.215503305196762085e-01
2.215583175420761108e-01
2.215532660484313965e-01
2.215564846992492676e-01
2.215562164783477783e-01
2.215512543916702271e-01
2.215391993522644043e-01
2.215674668550491333e-01
2.215424329042434692e-01
2.215585112571716309e-01
2.215668112039566040e-01
2.215519398450851440e-01
2.215730100870132446e-01
2.215558290481567383e-01
2.215737402439117432e-01
2.215359807014465332e-01
2.215737849473953247e-01
2.215456664562225342e-01
2.215494513511657715e-01
2.215609252452850342e-01
2.215592861175537109e-01
2.215718477964401245e-01
2.215570509433746338e-01
2.215470820665359497e-01
2.215627431869506836e-01
2.215452343225479126e-01
2.215550392866134644e-01
2.215540111064910889e-01
2.215586155652999878e-01
2.215435057878494263e-01
2.215627878904342651e-01
2.215393632650375366e-01
2.215560525655746460e-01
2.215698510408401489e-01
2.215599119663238525e-01
2.215475887060165405e-01
2.215589731931686401e-01
2.215688228607177734e-01
2.215826809406280518e-01
2.215531915426254272e-01
2.215585708618164062e-01
2.215624153614044189e-01
2.215646505355834961e-01
2.215610444545745850e-01
2.215563952922821045e-01
2.215579748153686523e-01
2.215583175420761108e-01
2.215828597545623779e-01
2.215578258037567139e-01
2.215716391801834106e-01
2.215635627508163452e-01
2.215575724840164185e-01
2.215654253959655762e-01
2.215699404478073120e-01
2.215694785118103027e-01
2.215384989976882935e-01
2.215552777051925659e-01
2.215599268674850464e-01
2.215500622987747192e-01
2.215446531772613525e-01
2.215491682291030884e-01
2.215663790702819824e-01
2.215591669082641602e-01
2.215586006641387939e-01
2.215451449155807495e-01
2.215457111597061157e-01
2.215518951416015625e-01
2.215541899204254150e-01
2.215689271688461304e-01
2.215653806924819946e-01
2.215418517589569092e-01
2.215697318315505981e-01
2.215501517057418823e-01
2.215533703565597534e-01
2.215421646833419800e-01
2.215746045112609863e-01
2.215653955936431885e-01
2.215657234191894531e-01
2.215663045644760132e-01
2.215667665004730225e-01
2.215413153171539307e-01
2.215562611818313599e-01
2.215477377176284790e-01
2.215522974729537964e-01
2.215562015771865845e-01
2.215701490640640259e-01
2.215418666601181030e-01
2.215467691421508789e-01
2.215540260076522827e-01
2.215676307678222656e-01
2.215712666511535645e-01
2.215652614831924438e-01
2.215561121702194214e-01
2.215540707111358643e-01
2.215489298105239868e-01
2.215617001056671143e-01
2.215750068426132202e-01
2.215370833873748779e-01
2.215602397918701172e-01
2.215766161680221558e-01
2.215566635131835938e-01
2.215754389762878418e-01
2.215655297040939331e-01
2.215546667575836182e-01
2.215467095375061035e-01
2.215570956468582153e-01
2.215496599674224854e-01
2.215680032968521118e-01
2.215547859668731689e-01
2.215514332056045532e-01
2.215270400047302246e-01
2.215563207864761353e-01
2.215616106986999512e-01
2.215493321418762207e-01
2.215519249439239502e-01
2.215574830770492554e-01
2.215546816587448120e-01
2.215710431337356567e-01
2.215565592050552368e-01
2.215480804443359375e-01
2.215546965599060059e-01
2.215659320354461670e-01
2.215649336576461792e-01
2.215400189161300659e-01
2.215718775987625122e-01
2.215526849031448364e-01
2.215613722801208496e-01
2.215505391359329224e-01
2.215684205293655396e-01
2.215479612350463867e-01
2.215654104948043823e-01
2.215509116649627686e-01
2.215495556592941284e-01
2.215646058320999146e-01
2.215500622987747192e-01
2.215866595506668091e-01
2.215528488159179688e-01
2.215533405542373657e-01
2.215691059827804565e-01
2.215601950883865356e-01
2.215469181537628174e-01
2.215688079595565796e-01
2.215442806482315063e-01
2.215506285429000854e-01
2.215689271688461304e-01
2.215484827756881714e-01
2.215683609247207642e-01
2.215495705604553223e-01
2.215671241283416748e-01
2.215420454740524292e-01
2.215525060892105103e-01
2.215546518564224243e-01
2.215587645769119263e-01
2.215398102998733521e-01
2.215619832277297974e-01
2.215618640184402466e-01
2.215606123208999634e-01
2.215641736984252930e-01
2.215600609779357910e-01
2.215625792741775513e-01
2.215601205825805664e-01
2.215586900711059570e-01
2.215520143508911133e-01
2.215727716684341431e-01
2.215567380189895630e-01
2.215446233749389648e-01
2.215515822172164917e-01
2.215607613325119019e-01
2.215487658977508545e-01
2.215573638677597046e-01
2.215474843978881836e-01
2.215545326471328735e-01
2.215725183486938477e-01
2.215723097324371338e-01
2.215550988912582397e-01
2.215598970651626587e-01
2.215535044670104980e-01
2.215585708618164062e-01
2.215526700019836426e-01
2.215614467859268188e-01
2.215590924024581909e-01
2.215374708175659180e-01
2.215636223554611206e-01
2.215554267168045044e-01
2.215695232152938843e-01
2.215444147586822510e-01
2.215557247400283813e-01
2.215414941310882568e-01
2.215500622987747192e-01
2.215585112571716309e-01
2.215518206357955933e-01
2.215414643287658691e-01
2.215752601623535156e-01
2.215493023395538330e-01
2.215499579906463623e-01
2.215382605791091919e-01
2.215682864189147949e-01
2.215554714202880859e-01
2.215534001588821411e-01
2.215423434972763062e-01
2.215588688850402832e-01
2.215533256530761719e-01
2.215368896722793579e-01
2.215414345264434814e-01
2.215629070997238159e-01
2.215689718723297119e-01
2.215734720230102539e-01
2.215737551450729370e-01
2.215616255998611450e-01
2.215510457754135132e-01
2.215675413608551025e-01
2.215658426284790039e-01
2.215689569711685181e-01
2.215630710124969482e-01
2.215577960014343262e-01
2.215462476015090942e-01
2.215657830238342285e-01
2.215663641691207886e-01
2.215471565723419189e-01
2.215555012226104736e-01
2.215434014797210693e-01
2.215461432933807373e-01
2.215453982353210449e-01
2.215476930141448975e-01
2.215496152639389038e-01
2.215431183576583862e-01
2.215478867292404175e-01
2.215612977743148804e-01
2.215457409620285034e-01
2.215451300144195557e-01
2.215519845485687256e-01
2.215525954961776733e-01
2.215497940778732300e-01
2.215619832277297974e-01
2.215538322925567627e-01
2.215776890516281128e-01
2.215636372566223145e-01
2.215551286935806274e-01
2.215702533721923828e-01
2.215554267168045044e-01
2.215703874826431274e-01
2.215725034475326538e-01
2.215485423803329468e-01
2.215672880411148071e-01
2.215453684329986572e-01
2.215746194124221802e-01
2.215524315834045410e-01
2.215677052736282349e-01
2.215441316366195679e-01
2.215582728385925293e-01
2.215698510408401489e-01
2.215738147497177124e-01
2.215453237295150757e-01
2.215648889541625977e-01
2.215678691864013672e-01
2.215548753738403320e-01
2.215690910816192627e-01
2.215303778648376465e-01
2.215501517057418823e-01
2.215568870306015015e-01
2.215539067983627319e-01
2.215689867734909058e-01
2.215657532215118408e-01
2.215526551008224487e-01
2.215512990951538086e-01
2.215565741062164307e-01
2.215665876865386963e-01
2.215614467859268188e-01
2.215475887060165405e-01
2.215581238269805908e-01
2.215565890073776245e-01
2.215446233749389648e-01
2.215599119663238525e-01
2.215867340564727783e-01
2.215599268674850464e-01
2.215630710124969482e-01
2.215635031461715698e-01
2.215555012226104736e-01
2.215620577335357666e-01
2.215623855590820312e-01
2.215517014265060425e-01
2.215626239776611328e-01
2.215789407491683960e-01
2.215498238801956177e-01
2.215772867202758789e-01
2.215595245361328125e-01
2.215552031993865967e-01
2.215642482042312622e-01
2.215458899736404419e-01
2.215480655431747437e-01
2.215703576803207397e-01
2.215678244829177856e-01
2.215485423803329468e-01
2.215555459260940552e-01
2.215519994497299194e-01
2.215567827224731445e-01
2.215654104948043823e-01
2.215601652860641479e-01
2.215598523616790771e-01
2.215400189161300659e-01
2.215568572282791138e-01
2.215618342161178589e-01
2.215577661991119385e-01
2.215431630611419678e-01
2.215566784143447876e-01
2.215639501810073853e-01
2.215784192085266113e-01
2.215543538331985474e-01
2.215530574321746826e-01
2.215469628572463989e-01
2.215589284896850586e-01
2.215545177459716797e-01
2.215635627508163452e-01
2.215642482042312622e-01
2.215425372123718262e-01
2.215646803379058838e-01
2.215533852577209473e-01
2.215657830238342285e-01
2.215543538331985474e-01
2.215406298637390137e-01
2.215479314327239990e-01
2.215557843446731567e-01
2.215679138898849487e-01
2.215523421764373779e-01
2.215489298105239868e-01
2.215552330017089844e-01
2.215777337551116943e-01
2.215584069490432739e-01
2.215607166290283203e-01
2.215748280286788940e-01
2.215599864721298218e-01
2.215580046176910400e-01
2.215599566698074341e-01
2.215482741594314575e-01
2.215639352798461914e-01
2.215489298105239868e-01
2.215609997510910034e-01
2.215629965066909790e-01
2.215374559164047241e-01
2.215526103973388672e-01
2.215520292520523071e-01
2.215474843978881836e-01
2.215409427881240845e-01
2.215581387281417847e-01
2.215542942285537720e-01
2.215743660926818848e-01
2.215522825717926025e-01
2.215551137924194336e-01
2.215536832809448242e-01
2.215628325939178467e-01
2.215543091297149658e-01
2.215624302625656128e-01
2.215401530265808105e-01
2.215521335601806641e-01
2.215590178966522217e-01
2.215548008680343628e-01
2.215701490640640259e-01
2.215619385242462158e-01
2.215729653835296631e-01
2.215484082698822021e-01
2.215459942817687988e-01
2.215698659420013428e-01
2.215534299612045288e-01
2.215414792299270630e-01
2.215463370084762573e-01
2.215433716773986816e-01
2.215617448091506958e-01
2.215490788221359253e-01
2.215588390827178955e-01
2.215502113103866577e-01
2.215668410062789917e-01
2.215589880943298340e-01
2.215476185083389282e-01
2.215519994497299194e-01
2.215803116559982300e-01
2.215689420700073242e-01
2.215622216463088989e-01
2.215574830770492554e-01
2.215539366006851196e-01
2.215665131807327271e-01
2.215590775012969971e-01
2.215568721294403076e-01
2.215548157691955566e-01
2.215608954429626465e-01
2.215368896722793579e-01
2.215667963027954102e-01
2.215632498264312744e-01
2.215495556592941284e-01
2.215489447116851807e-01
2.215546518564224243e-01
2.215507179498672485e-01
2.215453982353210449e-01
2.215690314769744873e-01
2.215809524059295654e-01
2.215654700994491577e-01
2.215537875890731812e-01
2.215423732995986938e-01
2.215447872877120972e-01
2.215473204851150513e-01
2.215496897697448730e-01
2.215676456689834595e-01
2.215548902750015259e-01
2.215562611818313599e-01
2.215510904788970947e-01
2.215666472911834717e-01
2.215577363967895508e-01
2.215348780155181885e-01
2.215711623430252075e-01
2.215520143508911133e-01
2.215537130832672119e-01
2.215639352798461914e-01
2.215481400489807129e-01
2.215544134378433228e-01
2.215561419725418091e-01
2.215556204319000244e-01
2.215617746114730835e-01
2.215639352798461914e-01
2.215521335601806641e-01
2.215496599674224854e-01
2.215680778026580811e-01
2.215589284896850586e-01
2.215574979782104492e-01
2.215557098388671875e-01
2.215636521577835083e-01
2.215533554553985596e-01
2.215506285429000854e-01
2.215692102909088135e-01
2.215650826692581177e-01
2.215599566698074341e-01
2.215494960546493530e-01
2.215467542409896851e-01
2.215669155120849609e-01
2.215539216995239258e-01
2.215408533811569214e-01
2.215236574411392212e-01
2.215471863746643066e-01
2.215505391359329224e-01
2.215642184019088745e-01
2.215622514486312866e-01
2.215513736009597778e-01
2.215602099895477295e-01
2.215783745050430298e-01
2.215594351291656494e-01
2.215610146522521973e-01
2.215642929077148438e-01
2.215548455715179443e-01
2.215631753206253052e-01
2.215589731931686401e-01
2.215576022863388062e-01
2.215555906295776367e-01
2.215703278779983521e-01
2.215355187654495239e-01
2.215416431427001953e-01
2.215536981821060181e-01
2.215702235698699951e-01
2.215583026409149170e-01
2.215527147054672241e-01
2.215538769960403442e-01
2.215600013732910156e-01
2.215575724840164185e-01
2.215523868799209595e-01
2.215412110090255737e-01
2.215705811977386475e-01
2.215546965599060059e-01
2.215818762779235840e-01
2.215652465820312500e-01
2.215592116117477417e-01
2.215616255998611450e-01
2.215638607740402222e-01
2.215733081102371216e-01
2.215634733438491821e-01
2.215479165315628052e-01
2.215590029954910278e-01
2.215684950351715088e-01
2.215572148561477661e-01
2.215523570775985718e-01
2.215580493211746216e-01
2.215490788221359253e-01
2.215613722801208496e-01
2.215500175952911377e-01
2.215569019317626953e-01
2.215483933687210083e-01
2.215543240308761597e-01
2.215569019317626953e-01
2.215670645236968994e-01
2.215560525655746460e-01
2.215386331081390381e-01
2.215697914361953735e-01
2.215574681758880615e-01
2.215555757284164429e-01
2.215654402971267700e-01
2.215530723333358765e-01
2.215681076049804688e-01
